7.57
4.50
7.23
5.51
5.11
7.00
5.0
4.52
7.32
9.67
7.64
4.13
4.00
1.00
5.27
5.85
5.04
6.88
4.90
6.81
9.57
8.67
5.22
2.62
8.67
4.75
2.82
3.80
7.41
4.29
7.66
4.98
2.99
4.90
8.48
6.10
9.90
5.88
7.15
7.22
5.55
4.79
9.35
9.78
3.94
4.62
5.63
6.97
7.50
8.53
3.78
7.06
7.21
7.00
2.68
6.88
9.75
3.51
8.68
7.16
5.80
6.35
2.14
6.78
9.25
8.62
2.89
9.15
4.50
8.04
6.36
8.05
2.83
5.71
7.83
4.77
8.33
3.46
9.74
5.83
9.99
3.53
2.89
7.20
8.53
3.57
4.08
8.28
5.08
2.76
5.44
8.88
7.11
5.58
5.66
6.36
4.20
6.55
5.50
6.71
4.58
9.86
4.76
5.41
5.58
2.58
8.18
3.91
4.04
7.93
7.74
4.03
9.45
8.63
9.23
7.98
2.20
3.31
6.26
5.28
4.07
9.70
4.16
9.18
5.28
7.82
5.54
7.48
4.36
9.04
4.19
6.95
8.90
6.95
2.36
4.48
7.53
8.54
6.38
9.56
6.47
4.12
3.59
5.92
2.74
2.82
3.90
2.94
4.13
8.16
6.23
6.20
786.00
8.38
5.38
3.14
6.20
8.92
8.62
8.56
7.95
2.81
5.51
6.86
7.76
5.87
9.33
5.28
4.41
5.72
4.85
8.88
7.84
6.44
4.80
8.58
7.26
6.70
9.53
9.39
4.86
5.75
5.59
2.72
4.13
8.97
3.85
8.34
7.89
2.47
6.90
5.84
3.28
2.41
2.70
9.04
6.28
2.03
4.32
8.70
5.75
7.16
7.58
3.58
3.60
2.38
2.16
8.86
7.08
9.69
8.25
9.94
5.44
3.84
2.66
7.58
2.81
4.51
5.91
8.70
4.98
2.81
4.54
6.26
6.00
5.24
5.30
7.51
5.26
7.62
6.20
9.01
4.78
3.78
2.59
6.38
4.16
2.76
5.25
9.25
2.45
3.50
9.19
5.89
5.35
9.85
3.47
6.16
4.37
7.38
4.86
7.35
8.19
7.40
8.00
